3992682
1000385
619480
1807612
648186
638244
646224
646219
1661043
1594923
2343332
2724713
2479934
2339073
2351144
2835153
2832318
2832534
2832531
2399658
2832317
2828145
2837638
2344222
2372280
2347115
2832316
2350029
2266170
2372477
2340848
2832527
2832315
2832340
2832518
2832524
2832520
2859538
2832312
2832537
2341032
2341032
2724940
2374086
3296334
2724912
2400590
2724908
3295452
2341393
2341429
2724902
2724901
2401771
2724899
3445914
2609287
3472355
2595918
2506634
2509963
2379678
2509676
2508683
2505301
2655012
2509444
2590629
2511298
2645504
2588492
2588491
2478384
2609309
2609275
2594903
2536360
2456604
2588490
2370871
2505372
2484782
2420631
2511286
2509907
2609286
2406746
2406746
2726533
2537552
2512800
2458760
2600828
2497950
2535213
2382610
2450615
2443091
2595914
2535239
2509653
2640011
2653972
2510954
2609285
2510950
2536019
2510951
2542880
2415944
2511317
2509440
2511318
2512004
2419276
2727416
2510540
2505336
2439329
2727421
2510544
2505381
2505311
2535210
2726515
2537496
2509714
2510529
2505369
2507245
2505937
2510532
2542877
2505374
2505374
2510547
2390737
2370894
2421826
2389393
2505939
2389424
2727420
2510235
2394185
2535224
2505334
2505371
2386639
2505306
2542886
2505382
2390692
2389399
2389399
4280297
2394577
2727398
2511374
2511375
2509968
2510164
2542891
2544226
2511372
2419265
2426940
2535237
2727387
2535242
2536012
2727417
2542845
2536013
2484757
2379683
2509895
2389413
2511386
2512839
2505324
2505299
2535223
2535223
2507152
2379667
2379667
2510527
2430070
2430070
2535241
2497457
2511382
2511382
2543192
2727400
2509663
2505305
2431639
2484746
2541248
2512841
2426935
2535215
2512840
2505947
2511395
2461959
2535232
2511378
2727401
2426947
2535233
2393744
4841051
2487299
2727388
2512005
2487272
2537461
2512002
2435936
2510543
2381830
2537494
2419299
2538709
2484767
2535182
2509692
2393734
2537550
2586935
2505327
2535180
2505303
2505302
2505933
2536403
2505307
2540234
2390724
2423285
2538701
2536397
2507142
2389418
2537627
2390739
2505300
2434950
2500820
2538576
2542888
2536369
2537578
2503698
2539324
2535211
2535176
2537579
2455610
2537896
2505295
2419285
2390018
2436821
2536438
2537545
2500823
2390731
2509658
2373681
2386666
2536018
2537364
2537364
2511288
2542883
2390719
2443078
2389409
2436758
2537548
2386670
2496467
2511297
4256761
2536406
2536363
2467333
2503723
2536015
2537549
4256753
2394198
2503449
2536010
2478426
2542882
2503541
2537898
2536401
2541233
2726517
2535230
2506636
2506636
2506636
2506636
2506636
2536385
2537574
2536399
2537573
2511305
2390711
2726361
2447258
2389353
2415889
2453457
2505331
2505331
2381725
2381725
2381725
2381725
2390702
2538715
2381686
2448067
2538560
2448070
2727431
2376834
2582183
2561102
2507278
2729589
2558972
2652400
2558876
2639370
2461948
2616711
2560574
2560290
3442440
2560067
2604489
2507632
2558369
2563864
2560282
2639981
2609308
2448848
2499852
2558879
2616798
2537914
2558882
2558882
2507286
2549359
2615847
2542953
2565916
2609307
2654023
2571030
2549738
2561114
2561348
2550119
2561095
2576471
2557203
2561358
2600836
2561917
2608522
2604490
2639376
2607447
2562612
2654010
2539260
2557199
2650654
2604380
2561132
2607347
2576473
2650542
2567193
2609113
2569925
2604376
2585823
2556725
2606398
2560134
2557741
2609293
2609293
2497561
2571028
3295417
2563014
2576472
4256428
2559040
2655006
2560299
2607480
2609303
2652320
2496664
2607479
2560277
2496969
2558801
2496655
2496655
2496655
2496655
2433678
2435049
2557186
2650467
2561073
2558378
2605848
2605846
2560849
2560276
2561083
2605905
2616797
2567070
2467693
2467693
2467693
2467693
4261391
2539328
2539330
2539330
2563941
2605909
2606394
2608524
2606397
2605821
3972640
2608531
2560070
2496636
2566811
2557180
2650647
2419608
2541169
2559518
2559614
2652397
2559673
2605920
2558971
2607619
2654782
2435074
2616708
2654014
2639365
2647420
2512650
2639367
2561919
2563862
2604835
2607353
2567108
2560135
2433674
2448932
2617401
2561091
2561920
2461967
2639996
2512651
2598088
2607131
2654811
2608530
2567208
2561721
2576482
2496669
2496631
2575929
2607750
2616799
2567201
2566925
2496635
2559616
2616800
2607752
2539147
2607755
2609306
2639363
2559678
2607747
2607773
2560851
2557097
2558797
2652306
2561723
2502887
2536974
2607350
2560284
2607776
2606953
2650518
2607361
2607230
2607002
2559676
2561112
2561112
2561112
2561112
2561112
2561112
2607449
2561119
2554910
2556013
2617983
2608981
2608981
2561087
2561087
2567138
2450234
2559038
2567084
2563558
2615838
2550137
2576484
2661368
2661392
2661215
2687153
2661370
2668645
2687048
2646548
2659039
2661217
2656352
2659032
2638530
2687092
2659038
2687034
2661216
2687147
2659645
2687037
2587708
2668639
2659033
2687072
2659642
2652081
2656042
2687070
2657101
2585500
2656336
2643638
2661377
2661377
2661247
2652077
2660344
2661251
2661387
2661232
2742697
2687130
2585499
2687118
2742974
2661390
2659031
2675124
2670265
2656338
2671056
2735050
2742973
2661388
2661378
2795303
2675145
2675174
2610048
2675122
2652879
2656340
2672077
2671934
2656332
2661398
2580440
2585205
2614367
2670669
2657104
2675153
2671946
2675213
2661246
2661365
2675179
2640141
2657110
4253226
2659041
3780991
2661253
2742976
2661405
2675176
2661396
2656670
2661399
2675131
2658891
2672076
2796099
2796100
2670668
2585502
2585502
2671686
2659029
2661382
2670058
2675126
2659027
2659028
2661372
2661406
2675257
2671953
2661400
2661402
2675141
2687066
2659026
2687074
2675142
2657114
2652063
2659035
2659035
2687053
2675226
2654080
2640448
2675147
2656666
2640442
2640442
2640442
2640442
2640442
2675235
2675222
2675238
2661391
2609295
2662347
2662347
2671186
2796098
2664341
2663037
4261622
2675230
2675228
2660347
2664834
4264510
2661374
2585503
2670672
2677186
2672064
2675233
2683502
2666701
2742699
2664565
2671033
2671024
2668730
2666262
2667491
2667472
2671937
2675241
2687140
2666261
2675615
2675243
2744428
2667076
2614375
2666696
2675140
2667107
2654844
2667507
2671943
2671034
2742978
2667492
2581117
2675251
2671055
2666284
2668704
2742975
2654831
2675139
2675139
2687063
2675208
2682185
2668705
2671046
2675224
2650239
2677409
2683484
2587620
2667093
2671954
2666280
2666278
2683477
2742700
2671948
2589642
2585237
2675223
2671956
2667077
2671185
2666496
2666406
2672079
2672079
2666705
2671184
2624461
2666703
2671054
2671044
2614088
2614376
2652074
2796102
2654013
2744432
2670306
2667505
2667505
2671947
2677410
2672067
2672067
2648431
2648431
2648431
2640420
2640420
2666246
2587997
4271656
2801503
2797926
2934437
3036243
2925609
2801506
2859245
2801507
2800059
2800021
2929350
2800063
2800007
2937886
2837641
2925772
2925778
2929352
2879402
2936722
2929351
2800042
2925606
2935691
3193446
2795958
2800577
2800577
2908641
2935690
2800013
2800013
2867162
2929355
2937928
2801504
2801504
2925605
2913810
4840899
2800008
2800041
2929326
2801508
2929337
2881334
2935685
2938117
2802860
2801505
2929325
2800009
3030843
2802861
2802862
3061165
2832329
2801509
2934429
2881337
2881337
4840898
2665576
2929359
2942242
2925773
2929332
2802847
2802847
2803207
2935783
2934435
2802863
2802863
4279325
2796116
2838194
2934438
2908636
2812136
2800010
2800011
2929327
2802864
2925774
2800006
2925604
2933531
2800578
2917003
2800055
2800005
2794533
2794533
2800003
2818169
3030842
2800002
2934448
2818171
2937925
2800056
2800046
2800046
2935686
2937374
2936721
2938119
2800004
2818172
2801922
5554200
2906807
2800066
2942243
2801919
2835142
2801917
2801917
2800057
2926021
2916096
2830153
2801914
2869288
2671025
2929361
2800065
2937373
2800058
2800058
2800058
2921999
2800001
2929363
2935792
2828158
2825668
3030841
2906827
2669082
2935785
2935689
2937372
2935696
2828153
2818168
2936206
2800053
2859991
2803774
2938118
2828157
2929365
2828159
2935788
2801913
2918695
2929362
2937479
2800024
2828156
2800365
2825677
2942833
3070352
2800023
3155369
2825674
2800068
2801500
4615595
5554749
2835140
2828150
2917577
2942324
2929358
2942323
2929336
2673073
2939065
2939067
3053202
2935693
2929357
2942329
2942830
2942322
2935695
2934439
2942330
2808281
2939066
2929360
2939068
2939062
2896075
2929324
4255956
2939069
2942326
2942236
2942245
2925611
3010638
2935692
2935692
2942327
3193447
2929348
2942829
2929349
2939070
2937926
2942831
2857484
2942832
2926018
2879396
2939881
2953656
2926019
2985012
2925775
2800036
2942244
2942247
2925652
3010639
2939884
3030845
2925607
2939071
2818159
2800061
2800061
2800061
2743071
2942241
2929333
2674857
2674857
2942246
2940623
2939064
2832328
2832328
3065570
3321050
3051047
3045505
3045916
3070340
3066590
3155357
3045502
3041969
3050158
3123522
3444892
3065185
3041937
3155358
3051054
3053196
3048038
3051055
3051055
3066584
3445184
2900870
3070344
3120041
3120043
3427339
3050144
3070670
3045495
2901465
3050145
3246990
3126355
3246992
3101827
3068024
3433618
3051683
2902013
3118783
2916802
3066899
3123491
2939092
3246949
3041957
4358062
3123492
3271532
3048364
3070346
3053190
3053190
3120046
3046553
3053192
3041994
3070336
3057710
3070332
3050071
3062847
3120007
2901754
3053191
2901423
2901423
2901423
3295168
3065113
3045810
3070543
3068066
3436160
3122808
3120005
3046550
3120009
3050153
3066900
3033463
2938019
2938019
3045811
3045811
3070329
3070342
2903360
3045504
3103787
3050156
3050156
3030907
3050070
3435697
3120010
3120010
3120010
3120010
3066901
3066901
3049266
3041961
3122807
3066903
3066902
3050069
3120011
3188023
3120045
2891162
3050068
3050068
3068027
3070341
3053189
3066588
3068026
3070334
3053484
3060640
3118787
3066911
3051048
3127151
3321053
3255082
3444902
3066897
3433863
3070335
3103788
3193449
3103786
3120002
3321054
3444885
3321052
3435428
3066905
3053200
3049268
3101826
4279452
3030903
3030903
3070333
3070348
3444886
3070339
3050073
2873950
3071576
3379531
3068029
3070667
2904042
3123518
3101825
3046552
3046549
3118782
3445185
3254191
3070669
3050137
3050137
3152612
3051052
3051052
3444895
3123511
3041962
3066930
3070349
3070672
3120049
3255091
2901746
3444884
2901464
3193444
3066969
3069996
3255090
3123508
3062503
3255083
3051053
3041956
3042959
3067992
3070673
3444889
3068046
3068046
3051462
3101828
3271533
3101814
3123513
3050150
3101813
3101829
3041970
3048365
3062502
3050151
3277207
3071574
3127152
3101812
3120016
3444891
3321051
3271534
3059935
3051046
3123524
3155368
2901422
3379530
3069988
3069988
2880292
3030900
3321021
3445183
3050152
3121656
3069989
3068065
3060638
3246957
3065959
3045498
3188026
3068059
2917710
3427329
3246954
3059513
3451624
3060274
3050155
3065183
3120013
3120013
3051056
3024169
3024169
3069993
3069993
3069993
3069995
3051057
3051057
3051057
3255087
3070327
3041971
3070544
3069986
3254211
3485309
3069992
3271537
3246955
3102430
3068036
3053194
3065184
3065184
3068047
3050128
3271123
3066967
3051049
3052301
2900871
2900871
2899246
3045933
3045934
3071573
3255126
3070331
3067748
3271538
3053197
3053197
3068038
3070330
3120362
3066589
3070338
3070338
3118779
3069987
3059950
3069985
3045497
3041952
3067746
3048366
3050131
3427447
3120364
3050076
3120017
3045501
3435420
3069320
3067747
3120689
3066587
3066587
2921985
3123506
3271536
3436130
3155364
3066970
3066970
2917732
3123515
3069991
3120368
3066906
3041992
3041992
3041992
3041992
3041992
3041992
4255937
4171830
3435431
3062501
3052255
3255089
4279447
3045500
3045500
3045500
3045500
3045500
3045500
3045500
3045500
3045500
3045500
3045500
3045500
3045500
3123521
3123521
3053198
3246993
3069990
3069990
3069990
3069990
3069990
3069990
3069990
3069990
3069990
3069322
3069321
3434429
3254190
3271539
3045932
2903363
2903363
2903363
2903363
2903363
3053119
2901463
3069994
3069994
3444901
3120048
3070351
3120047
3444881
3255081
3123516
3436129
3155363
3120337
3064261
3064261
3064261
3254212
3436878
3045496
3045499
3358624
3048367
3041993
2917725
3050835
3118785
3435700
5554183
3358629
2885102
2937375
3050067
3050067
3246941
3071572
3254186
3118781
3045809
3101819
3193448
3271125
3048369
2882375
3118778
3041991
3270287
3118780
3070353
3051461
3048368
4271623
3101572
3295169
3050154
3070343
3254185
3070328
3070337
3070350
2935569
2935569
2935569
3444905
3051045
3053120
3066904
3246959
3101816
3050080
2901750
3433612
3051058
4253666
3120038
3041938
3053193
2903362
2880293
3103421
3123523
3254183
2903026
3105742
3120399
3051460
3045931
3254184
3049981
3358623
3041939
3070674
3051459
3436170
3030905
4615596
3022124
3022124
3041963
3041963
3046295
3101817
2939093
3102196
2913014
3246983
3047451
3155372
3277084
3105745
3321047
3045808
3105743
3050149
3046551
3046551
3435419
3433613
3433614
4360943
3435427
3155672
3358622
3271535
3120360
3049264
3433615
3435701
3070345
3101818
3123525
3101832
3120358
2964573
3120339
3358621
3441427
3050072
3064262
3120352
3254188
3433616
3050148
3485315
3321023
3105744
3068028
3246965
3120039
3101573
3050134
3193452
3193451
3120012
3120363
3155373
3155370
3255080
3127153
3045820
3046573
3123494
3155355
3070039
3053052
3433611
3246289
3101830
3120350
3188024
3120361
3101831
3101815
3434427
3065114
3065182
3052292
3050141
3050141
3050141
3046554
3046554
3046554
3046554
3046554
3321046
3103415
3066929
3120346
3118784
3022118
3123493
3066913
3433862
3246995
3120336
4019221
2894604
3103416
3103416
3295455
3123512
3155371
3101823
3050146
3057711
3057711
3066605
3103420
3444900
3253834
3123496
3047449
2935565
2935565
3101833
3277088
3118786
3118777
3066898
3066898
2906963
3255125
3155671
3254187
3246997
3071575
3071575
3123509
3246962
3050074
3441266
3060639
3038798
3118775
3050077
3321042
3042955
3072598
3050140
3042962
4279324
3053203
3321049
3050142
3255092
3103418
2933530
3255127
3295453
3435430
3071577
3050075
3101821
3038799
3071578
3066972
3050138
3050138
3050138
3050138
3050138
3050138
3050138
2901462
3123507
3155367
2902267
2881335
2881335
4264554
3038802
3045823
3101820
3101820
3045822
3052656
3052656
2882373
3071594
3060359
3038797
3247000
3071351
3120355
3050157
3050157
3123517
3103419
3103419
3103419
2916803
2916803
2916803
3444899
3120359
3155359
3049267
3049267
3049267
3047450
2880500
3126358
3050139
2882374
3053121
3295454
3047452
3047452
3047452
3047452
3047452
3047452
3308136
3308136
3308136
3122809
3126360
3155356
3246985
3155670
3246986
3127150
3069323
3155360
3066924
3790693
3774500
3500047
3488112
3065979
3490079
3758582
3058595
3442821
3531972
3531972
3543932
3500046
3472766
3533299
3441436
3453401
3505996
3781370
3785355
3490867
3447034
3500045
3473334
3486284
3528661
3488114
3790691
3444908
3505651
3759486
3453397
3472367
3500044
3453794
3522097
3534545
3527081
4035205
3505652
3533297
3541372
3531973
3537796
3537796
3537796
3445917
3490840
3408119
3408119
3523668
3283102
3451256
3505648
3527089
3486283
3490864
3490869
3490080
3772261
3790692
3491419
3491420
3528663
3283103
3781376
3489980
3451632
3488119
3528660
3443611
3500042
3528356
3772265
4135962
3441433
3439819
3490870
3453395
3524590
3453394
3453394
3453394
3455356
3533300
3445980
3500040
3500039
3444909
3489796
3451634
3451634
3491417
3500038
3772264
3781372
3486050
3490072
3490855
3441421
3500037
3500037
3500037
3489799
3485310
3441428
3544421
3067404
3452637
3505650
3435391
3435391
3435391
3435391
3435391
3435391
3435391
3544420
3544420
3451622
3495041
3527083
3759488
3430511
3500073
3505649
3491421
3500072
3490853
3490853
3442820
3101571
3759487
3442788
3438775
3527060
3527887
3758995
3785342
3490862
3490862
3442497
3442499
3442609
3451625
3308068
3772262
3067401
3450163
3451623
3451626
3490852
3442784
3758579
3680589
3472358
3472358
3781375
4277858
3771805
3500071
3531726
3472366
3500070
3531277
3759783
3490837
3533301
3490841
3442611
3680590
3759483
3571335
3531279
4840902
3522096
3447859
3759482
3528357
3500069
3500068
3772263
3483903
3544417
3544419
3773317
3759782
3441431
3444926
3441435
3490847
3447858
3474406
3453399
3528347
3490851
3781373
3438250
3527350
3442427
3758628
3490881
3483905
3488115
3488115
3488115
3531272
3524589
3444921
3522094
3601244
3277156
3759475
3774499
3105818
3101576
3528647
3425283
3527830
3527865
3441426
3441426
3435390
3435390
3435390
3472364
3490883
3451621
4280326
3530942
3527731
3450164
3472769
3491672
3490882
3478943
3528346
3537808
3444917
3781483
3435706
3527856
3439691
3484163
3447856
3101587
3490880
3537809
3785568
3488163
3525418
4278825
3807716
3431214
3776208
3772267
3527730
3537811
3435703
3435703
3483780
3532658
3444914
3444916
3484530
3484530
3484530
3484530
3537813
3447857
3774532
3785564
3445966
3772268
3528664
3528664
3444913
3527944
3066925
3491416
3487343
3434426
3441424
3101588
3451273
3101570
3537814
4172619
3444912
3435329
3444915
3489638
3444641
3785563
3785562
3537792
3774850
3781369
3490850
3490850
3490850
3484528
3484528
3484528
3474407
3527950
3527879
3527879
3439696
3527876
3487346
3537815
3439697
3408120
3484529
3692080
3531270
3472546
3774529
3527873
3483781
3471990
3471990
3471990
3484539
3484539
3484539
3484539
3490848
3471986
3472360
3472360
3472360
3527870
3527870
3439694
3439694
3439694
3472753
3531268
3500051
3527059
3527058
3500050
3772266
3528658
3527090
3490865
3453393
3453393
3500049
3527057
3527057
5471848
3439692
3531267
3772269
3500048
3490866
3531266
3472764
3528652
3532879
3527347
3532657
3500036
3444918
3441429
3457838
3531993
3527088
3544415
3785566
3528653
3441438
3531265
3500035
3472359
3764580
3785561
3283112
3283112
3283112
4138525
3271420
3500034
3527946
3052939
3052939
3052939
3052939
3052939
3052939
3531263
3439693
3531261
3524597
3774531
3528655
3528655
3532661
3442423
3442423
3442423
3442423
3442423
3442423
3442423
3442423
3442423
3442423
3442423
3442423
3442423
3442423
3442423
3528939
3444361
5471849
3534547
3759474
3485307
3772260
3527084
3524591
3500058
3500058
3500058
3500058
3500058
3759790
3505654
3500057
3487610
3444904
3759791
3534548
3451631
3527085
3527085
3774856
3533303
3527086
3472357
3532738
3442426
3472354
3500056
3527348
3527348
3527359
3527356
3772271
3532737
3531727
3608987
3534551
3528657
5471850
3451277
3774501
3769062
3774534
3774533
3764579
3530941
3442822
3531971
3429654
3062494
3531543
3531541
3769419
3453398
3528651
3528651
3772277
3442790
3419794
3772276
3772275
3066923
3775984
3525892
3445911
3445911
3445911
3528662
3680586
3453396
3451274
3444922
3490863
3490863
3500055
3484540
3490780
5368574
3798996
3527883
3483906
3472772
3487345
3527834
3432829
3531276
3485492
3432827
5471851
3451633
3527095
3053483
3820424
3527093
3527093
3531275
3441437
3527841
3444907
3527092
3527092
3527945
3472350
3531274
3817697
3527828
3472767
3441422
3522095
3527346
3680587
3064002
3531273
3490859
3500054
3543931
3500053
3527838
3525746
3527353
3802761
3101586
3527833
3527851
3283101
3444903
3803434
3803434
3534546
3444911
3444911
3544422
3442655
3270808
3533290
3533290
3534550
3531271
3524596
3283086
3432828
3527082
3538518
3527345
3484517
3817699
3527831
3533288
3491782
3815769
3451627
3527091
3441419
3441592
3500079
3832170
3680588
3821170
3544416
3601247
3533801
3500078
3442825
3525420
3500077
3802759
3533292
3442791
3500075
3500076
3527097
3445912
3444882
3450161
4035603
3071598
3500074
3832169
3474978
5554207
3444883
3537797
3534549
3801860
3490854
3490854
3472770
3533304
3532725
3430083
3525745
3442439
3442439
3283107
3532734
3816941
3528938
3444927
3471987
3444923
3832845
3532730
3532727
3102287
3490861
3532724
3822879
3483603
3528649
3487342
3533302
3427392
3532750
3451253
3484536
3802758
3487344
3528650
3528659
3801861
3472370
3532660
3525744
3052940
3532748
3807714
3534552
3441425
3483091
3483091
3487897
3532747
3532745
3438241
3438241
3525419
3532659
3441198
3832172
3488166
3801862
3532742
3531974
3803511
3531975
3453403
3531967
3472752
3487341
3537793
3453402
3453402
3832846
3444925
3472363
3532644
3532644
3532644
3608986
3483093
3483093
3832177
3801863
3472368
3832178
3532589
3832179
3531280
3531968
3804203
3531281
3537794
3815798
3531282
3532880
3450162
3472352
3277243
3277243
3532643
3531970
3444920
3500090
3500090
3052937
3531285
3441432
3531969
3500089
3485313
3500088
3471984
3454711
3532280
3608985
3815771
3491414
3533978
3472351
3832185
3500087
3500086
3542426
3444928
3441423
3441434
3500085
3444906
3444906
3444906
3444906
3444906
3444906
3444906
3781363
3444919
3774528
3451630
3832189
3801864
3801864
3759478
3270797
3527098
3803509
3807715
3472369
3759479
3760142
3801489
3066917
3283087
3283087
3472765
3500083
3832186
3487899
3736373
3757536
3781364
3500082
3474977
3451252
3451252
3451252
3451252
3451252
3785343
3444910
3444910
3444910
3445913
3781366
3775983
3446787
3781365
3472353
3472353
3453400
3453400
3487898
3781368
3487190
3802134
3802757
3483605
3483605
3483605
3483605
3483605
3483605
3483605
3483605
3483605
3483605
3803432
3803432
3799176
3758997
3799177
3500067
3781374
5870693
5838169
5893295
5893295
3928360
3834016
5906730
3958372
3936035
3883086
3834609
3954279
3984045
3937600
3941899
3937605
3890653
3878383
3954280
3920955
3949388
3542014
3871738
3936970
4990696
5843020
3942499
3942499
5894702
3937602
3937909
3971915
3891450
3937609
3921578
3921578
5867227
3978725
3877843
3945733
3954510
3950733
3937610
3952090
3856049
5843012
5899981
4996255
3937611
3891299
3928140
3769095
3822876
3871734
3820034
4844679
3815795
3871739
3879728
3939485
3802756
3815797
3645579
3967263
3802755
3769103
3815131
3945121
3820041
3954602
3954595
3840534
3947508
3941827
3803433
3483908
3951197
3803430
3967264
3483909
3803126
3804202
3804202
3958339
3941657
3856057
3958341
3822878
3769093
3531994
3948802
3831572
3967266
3945720
3942440
3941825
3937250
3937250
3876833
3942445
3969669
3769101
3820037
3820037
3822877
3822877
3945713
3986238
3876826
3879727
3943979
3878380
3878374
3816241
3816241
3816241
3816241
3878385
3815998
3815998
3815998
3815998
3815998
3815998
3815998
3815998
3949391
3878378
3988537
3945711
3878377
3945714
3945714
3946749
3946749
3823646
3820038
3969264
3890871
3971931
3946751
3972223
3601635
3542007
3820039
3984994
3979465
3979619
3979617
3543091
3817518
3942441
3531996
3816940
3531992
3832183
3876828
3832182
3680320
3942442
3864532
3820043
3871506
3883088
3769061
3951116
3943987
3945120
3941823
3815794
3771765
3877840
3832900
3878370
3832181
3486278
3947190
3941656
3920366
3958344
3876827
3986237
3978832
3937907
3937598
3979467
3815994
3979602
3978837
3871730
3939490
3920364
3832937
3877831
3769098
3984044
3937905
3979464
3941826
3978836
3816221
3890587
3937904
3820979
3945715
3941822
3532284
3945716
3942443
3945049
3973248
3945132
3942119
3942119
3823645
3823645
3942444
3944452
3832907
3832907
3832907
3974243
3889520
3815995
3945718
3832962
3979610
3920098
3920098
3920369
3942446
3883149
3883149
3820394
3823644
3832176
3890551
3890551
3890551
3949390
3769097
3532283
3920097
3945131
3979463
3977735
3890870
3979466
3969274
3969273
3815796
3815999
3820423
3936976
3939488
3978844
3832175
3483904
3943988
3979609
3979473
3941829
3941828
3954278
3971928
3891449
3876834
3876834
3876834
3944668
4280327
3945726
3820865
3832943
3947501
3943989
3954276
3823642
3656248
3979471
3947499
3979472
3958353
3890788
3944669
3531997
3495287
3820392
3890789
3890789
3954608
3954273
3937239
3928043
3979470
3836322
3820422
3928042
3815996
3815996
3832174
3832174
3816000
3985288
3984048
3946748
3945729
3949420
3769099
3971916
3890787
3936973
3936973
3958355
3979462
3816242
3816242
3821169
3820033
3832173
3823641
3971515
3889519
3971929
3832168
3830909
3946518
3871740
3948804
3890555
3890555
3946747
3958345
3984995
3949419
3888847
3948533
3531995
3979515
3936974
3947504
3877832
3920041
3984993
3835930
3890785
3967267
3971920
3979599
3881070
3769096
3769096
3769096
3890556
3937249
3948799
3936969
3890786
3948803
3871736
3969661
3831573
3979516
3969657
3947502
3976157
3877620
3979611
3879724
3954594
3876822
3979616
3936972
3893274
3944453
3954272
3876821
3947505
3820035
3820035
3820035
3820035
3820035
3971918
3832905
3981231
3946773
3880815
3883084
3484162
3484162
3484162
3484162
3484162
3484162
3484162
3484162
3484162
3979603
3856043
3890554
3831569
3831569
3984046
3876824
3876824
3969667
3947566
3943985
3532285
3890552
3890552
3976726
3979604
3945731
3984991
3877525
3877525
3958347
3958347
3970230
3976747
3769102
3971921
3969665
3527271
3947503
3879725
3979600
3970231
3969663
3976725
3890887
3890887
3893263
3920715
3880000
3969664
3969664
3880814
3876825
3945730
3876820
3970944
3880813
3979606
3878375
3866472
3876830
3976727
3954607
3958350
3958350
3949417
3969662
3856044
3984990
3945559
4271622
3921574
3970785
3817938
3817938
3817938
3954605
3947567
3865026
3877833
3877833
3979607
3969277
3979468
3985995
3860336
3969793
3954606
3893267
3947500
3954613
3954593
3971925
3890872
3979601
3928045
3893266
3946775
3860281
3815169
3815169
3860337
3969660
3969656
3976080
3879723
3890879
3893261
3976728
3979623
3970229
3893832
3975245
3860338
3979514
3954271
3865029
3832906
3949418
3958352
3864260
3865032
3973249
3946774
3969272
3952089
3893251
3977082
3890880
3890881
3976071
3954283
3871787
3860284
3954004
3921573
3979608
3860144
3860282
3954597
3860142
3860142
3860142
3865033
3865033
3953002
4278824
3921575
3978721
3954538
3943977
3951707
3822575
3527270
3893262
3970721
3889338
3954508
3864470
3954612
3865024
3978835
3820013
3820013
3954263
3954263
3970724
3978722
3954596
3978834
3979620
3890878
3976729
3951708
3920044
3920044
3839978
3839978
3954609
3969673
3893277
3970720
3893275
3958366
4278302
3920042
3863433
3986239
3920043
3969270
3948534
3954270
3969672
3893353
3937248
3890882
3954005
3954600
3920099
3954264
3890883
3993258
3920365
3967265
3978724
3890655
3860283
3860140
3946512
3943983
3860139
3954003
3976730
3984992
3946511
3920716
3890884
3831571
3893276
3893276
3943978
3834596
3890886
3890886
3890886
3893264
3880812
3954537
3947208
3865035
3954268
3969701
3952205
3936033
3831574
3975246
3975246
3954265
3954265
3542008
3865036
3954281
3946510
3937612
3954269
3954269
3937616
3967241
3882801
3976740
3949416
3863432
3832933
3483907
3860137
3860137
3860137
3943975
3978720
3893265
3890654
3995103
3954509
3865146
3943986
3877830
3946513
3856050
3856050
3856050
3946517
3946517
3921577
3877521
3864471
3764699
3920367
3969670
3831570
3946515
3951240
3951240
3948532
3890557
3976155
3979624
3890869
3954536
3890652
3954001
3891452
3864965
3954610
3969275
3881819
3860134
3969671
3978841
3975244
3954267
3937615
3954510
3769100
3943973
3958357
3954611
3954002
3946516
3601634
3937614
3937614
3954535
3978723
3978839
3860135
3860135
3860135
3860135
3860135
3860135
3860135
3860135
3860135
3937024
3928287
3865020
3936034
3978719
3820042
3820042
3820042
3937240
3954604
3954604
3771727
3951241
3970694
3890873
3928288
3815770
3815770
3937244
3958364
3969276
3920954
3877844
3938518
3891530
3969668
3865021
3971919
3984989
3949387
3969633
3969633
3891297
3891297
3890874
3943976
3943976
3969675
3971914
3879729
3879729
3879729
3883085
3979613
3975243
3943974
3890875
3856046
3937607
3979474
3876832
3876832
3876832
3876832
3876832
3771050
3969678
3969679
3862729
3862729
3862729
3862729
3862729
3862729
3862729
3862729
3862729
3862729
3969268
3943980
3815129
3877841
3877841
3877841
3877841
3877841
3921576
3969677
3979475
3937243
3969266
4137347
4145355
4033505
4043469
4292631
4136865
3986633
4171826
4215230
3986240
3986738
4317255
4287158
4008204
3986634
3981820
4152084
3986247
4168894
4168894
4139140
3986236
3984043
4136988
4060095
3984042
4138195
4138195
4264127
4375857
4167479
3986630
4171286
4292635
4008174
3986631
4270873
4302654
4018943
4172483
4125376
4145356
3995144
3866473
4167478
4125367
3986243
4168895
4125362
4043468
5894705
4302649
3986248
4058697
4058697
4035494
4171842
4317251
4168857
4128324
3939494
4270871
4171840
4129001
4008191
4008184
3984997
4168893
4302655
3987422
4302652
3941821
3986242
4317254
4167482
3981818
4277859
4171839
3984504
4137644
4317249
4138527
4270870
4171291
3986740
4292633
4172370
4375856
4138526
4138526
4317252
4138116
4270869
3995112
3995112
4129002
4277273
3986244
4043594
3981539
4058280
3998359
4270868
4172618
3988381
4128365
4172368
3986739
4270867
4317253
3981819
4264128
4058205
4171278
4171278
4172278
3992891
4167480
3997655
4129003
3986632
4137349
4137349
4137349
4172482
4292632
3981538
4302651
4171290
4302646
4134056
3998697
4137350
4168892
4302647
3986245
4129004
4171829
4018945
4134057
4401528
3995106
4034121
3954275
3871635
4172367
4177020
3992892
4321674
4025954
4073890
4137351
4033510
4379051
3986246
4008177
4134164
4134164
4075405
4138524
4171822
3987423
3984041
4043591
4187546
4175695
4175695
4171837
4136986
4136989
4171838
4008201
3995105
3995094
3995100
3989920
4134963
4134953
3973302
4134962
4172484
4034119
4035546
3984040
3984040
3986249
4043471
4008188
4025949
4008178
4449130
4374180
4328381
4356820
4374179
4171297
4043592
4018944
4175696
3986251
4075055
4215229
5919586
4134961
4019222
4168896
3986635
4019013
4018949
3986241
3986088
4134960
4031665
4031665
4076485
4058207
4043604
3984039
4044254
4321673
3967318
3967318
4161157
4018905
4035548
4020810
4187547
4138114
3995102
3995104
4134968
4138115
4137015
4374178
4321672
4321672
3948538
4018952
3992867
4043590
5906712
4138113
3989921
4058208
4161156
5333707
4665454
4076489
5981741
5981741
3991328
3991328
5894704
4176025
3988422
4171288
4134965
4136307
5910184
4168890
3939495
3939495
4034344
3992857
3991331
3995095
4134059
4134060
4171824
4152446
4136308
4018951
4171834
4033507
4184827
4008180
4058206
4136987
4018954
5333564
4043602
4043589
4134955
4134955
4134955
4136390
5982426
3992860
3945122
4043483
4008179
4018953
4018953
5982071
4010595
4010595
4181620
4060489
4060489
4018946
4025958
4134966
4134058
4134058
4187543
4172481
4168891
4136391
4073891
4073891
4073891
4172373
4172373
3995096
3991329
4181624
4437362
3992895
3987416
5870690
3991327
4025959
3987414
3990916
3988421
4137352
4278823
6082546
4025960
5893292
5893292
5893292
4008176
5080801
4172372
5908687
3987417
4171296
4993739
4134957
4181646
3991326
3991326
3991326
4161155
4161155
4187545
4018947
4025957
4461937
4018950
4452448
3992859
4134958
4172374
4060488
4134959
5889154
4172375
4073888
4025955
4841688
5382136
4137710
4171287
4181637
4136306
3988424
5870685
4008155
4171281
6082499
5916707
4279463
3993259
3993259
3992184
5332426
4035547
4181640
3992862
3992862
4025961
4025961
4025961
4125700
4060094
5807572
4136384
4168887
3992890
3991308
5080822
4158027
3988425
3988425
3988425
3988425
3988425
3988425
3988425
3988425
3988425
3988425
3988425
3988425
3992896
4469997
3991330
4009253
4009253
4009253
3992893
3992893
4161153
3988420
4158031
5893291
3992863
6059287
4184828
4025962
3954274
3995108
3991305
4053091
4158035
3877689
4167483
4168888
4171284
3989655
4158030
3989656
5421920
4163038
4025952
4158034
4025953
3992861
5982070
4009453
4035545
3990915
4219935
4018942
4168889
4161154
5902632
4043472
4171285
3998028
5467764
4278083
4058279
4215228
4009452
4187540
4158036
4125699
5916681
4461939
4168879
3987415
4184826
4153760
3987418
6059281
4025950
4043481
4043484
4018948
4171282
4032896
4158033
4166813
4043597
5911092
4469994
4125702
4032102
4158029
4278101
4162402
4187541
4033508
4043593
3998698
4008071
4044255
4562728
4158028
4025951
4162401
3995098
4278299
4044252
4008150
6059299
4170793
4168861
4008149
4172369
4060490
4168578
4535742
4168853
4175691
3980575
4034120
4168860
4453435
4031664
5915790
3995113
4171292
4171833
3995091
4073892
4168305
4168854
4009254
4009254
4009254
4171832
4020813
4170794
3995637
4168859
4182447
6080562
3948537
4185501
4175698
5906707
4076464
3985324
4033099
4168858
4008195
6059318
3998390
4010568
4461890
5396849
4176023
3998388
4171825
4045167
4043477
4168855
3866474
5397455
3951196
4185502
4185502
4009252
4044511
4466190
4171294
4174145
4045168
4008148
4008148
3997658
3945705
4171295
4020811
4175689
4032895
4008172
4175338
4009427
4171827
3945704
4168856
4008202
4010569
3954601
4008153
4181644
4535743
4043606
4446020
4010567
3996643
6082505
4446019
3877842
4185500
4185500
4171823
4181645
4176608
4031668
3954598
4175690
5897644
3995109
4043474
4171831
3997654
4184824
4184824
4004640
4175692
4010566
4010566
4010566
5908678
5932269
4043473
4043473
4008196
4043601
6082545
3866475
3994509
3996642
4076461
4076461
4172344
4014242
4014242
4008072
4469998
4187536
4034343
3997484
4043509
4187544
5325569
3984049
3984049
3984049
4008203
3866471
4181257
3997656
3997656
3997656
3995636
4667476
5395167
4020816
5982427
4058276
4181256
4076466
4076466
4187537
4043466
6082497
4187538
4176467
4181660
4182062
4020815
4020815
4008200
4850684
4850684
4004639
3978718
3995097
3995097
4181654
4181654
4019223
4019223
4187539
6082544
6082544
4224909
4839597
3994507
3994507
4219936
4224910
4025777
6082551
4014240
4222646
4137039
3945124
4058277
4035550
6082502
3995111
4646773
4043598
4222647
4025409
4217479
4128629
4043478
3997657
3997657
3997657
3997657
3997657
3997657
3997657
3997657
3997657
3997657
4293282
4980583
3995092
4219362
4219362
4033100
4220419
4033102
6059297
4219361
4222732
4008198
3945123
4219997
3994508
4045166
4219937
6059301
4217478
4008156
3994596
3994596
3994596
3994596
3994506
4025412
4025412
4025412
6082553
4222648
4216675
4025411
4025411
4219996
4220002
4025410
4224908
3995099
4033506
4025956
4839596
4219938
4839594
4839594
5917345
4025413
4025413
4025413
4025413
4025413
4216671
4216671
4219995
4214843
4257211
4256808
4215485
4955372
5960269
5368762
5843015
5850095
4295224
5943331
5917252
5080817
5906711
4462143
4462143
5943493
4467193
4447537
4675833
5828473
5788985
5228379
5333598
4215283
5411430
5411430
4844680
5893753
5395168
5870364
5916807
5981764
5919589
6080554
5873074
5873074
4442477
4125698
5943363
5807567
5080821
6082540
4460233
5932264
4460234
4446016
5833285
4453430
4331307
4665456
4461175
4442476
5333056
5880332
4446015
4955373
4437329
5413999
4453434
5444753
4439523
4287431
5889571
4446010
4214841
5887689
4446017
5335908
5353260
4251033
5865156
5865156
5870699
4449085
5872414
5872411
4439521
4444766
5353879
5838171
4325517
5873075
5444759
5444759
5444759
4675830
5803398
5893750
5872403
5457851
5325598
5828536
5953039
5763441
5763441
4452445
5919590
5873072
4453432
4453432
4453432
5944090
5980754
5982431
5872404
5361680
6080560
5906702
5340835
5319097
4439522
5902931
4317584
4317584
4437332
4169027
4169027
5953055
5889155
5889155
5896219
5571810
4452446
4446014
5900005
5900005
4264395
6080558
4447784
4446012
5919676
4450167
5869449
5982423
6080553
5353265
5751760
4266624
5889568
4412654
4437334
5869484
4446013
4450981
5478704
4993738
5890169
5492520
5492520
5030560
5982073
5803397
5870362
4283221
5807567
5456175
5360978
5803399
5414000
5982429
5916808
5944093
4449086
4283219
4966548
4444765
4444765
5919588
5944112
5333058
4152448
5803395
5899354
6080556
5981768
5870698
4317078
4446011
4318041
4318041
4447545
5917250
5444752
5906700
5943333
6082549
6082549
5899985
5899353
5906708
5557087
4256020
4256020
4436581
4214842
5902929
5916806
4220032
4450980
4436450
5838089
5900001
4283217
4283217
4654655
5953057
5444758
4667474
4447546
4447546
4447546
5325840
5441484
5462631
4439454
4125701
5953054
5950314
4423292
5361076
4073889
5396354
4563154
4447544
4437331
5749919
4436574
4145233
4664601
5870688
6059286
5871427
5319098
6059290
5981742
6080561
5872721
5890167
5444750
5943334
5943360
4486909
6059294
5421921
5803298
5960271
5444741
5870682
5870682
5361013
5981766
5870697
5444740
5571806
5870338
5603617
5459999
5370389
4439453
5862110
4486907
4486907
5333705
4316666
4439801
4447783
5902829
4152449
4437361
5769920
5333055
5871431
4316669
4316669
4316669
4152451
5908690
5896220
5917253
5908293
5899987
5953038
4675829
4437359
4437359
4461888
4283222
5900007
5865155
5981734
4654654
4137279
4256805
5898541
4437360
4317585
5055212
4452447
5862107
4256742
5902672
6059298
5518036
4256743
5441483
5441483
5441483
4452449
4325519
6086391
5917344
5494834
6059292
4654647
5353263
4439456
4840681
4437363
4437363
4256025
4439455
5571811
5571811
5769922
5411429
5396351
4167342
5756467
5913965
4447786
4214839
4222734
4222734
4222734
6082495
4667477
4222733
4262069
5409731
5897648
5870700
5873071
4437328
5943242
5899357
5919675
5864567
5757074
4256762
6086390
5361079
5571809
4137016
5953037
5906701
4283220
5932265
5396349
5543131
5982430
5444760
4442167
5888551
4839599
4839599
5870341
5333706
5957553
5870683
5444761
5749916
4285394
5444742
5444742
6059293
5756468
5898825
4169030
4169030
4664600
5902633
4839603
4256807
5332425
5396352
4436451
4436451
4436451
4436451
4436451
4436451
4436451
4436451
4840995
4840995
5333059
4840990
4840990
5361024
4839600
4839598
4839598
4839598
4839598
4436454
5932266
5867226
5867226
5325597
4214845
5769921
4439452
5450960
4214844
4257667
4654656
5467761
5467761
5833286
5843017
6000236
5865680
5865680
5865680
5803302
4282612
4563152
4563152
4563152
5917346
4164109
5893749
4125697
5828480
4455166
4256318
5862111
5890168
5906704
5981769
4256320
5916679
5333057
4993914
6059296
5943362
5757077
5444762
4709465
5943079
4437333
4453433
5888552
5944095
5361077
5080818
5843019
5396348
5749915
4215484
5370392
5483027
5981735
4437364
5981767
5843018
5749914
4866106
4075435
4075435
6059317
5981514
5867228
4665457
4642788
4642788
5888550
4257210
5944091
5803301
5899984
5919587
4439459
5943330
4667897
5763440
5862108
5838177
5943080
4920782
5518026
5913967
5419684
5333708
4461938
4169029
5444751
5444751
5838092
4325530
6082538
5519366
4461935
4467195
4467195
5899986
4449757
4449757
5462632
4486906
4387517
5906699
5899356
4318983
4152453
5353264
5887686
5749917
4447782
4215483
4285737
4563574
5803297
5932267
5332424
4654653
5838173
5329266
4463509
5870701
5887688
4844681
6080567
6059284
5981770
5916710
5763442
5584127
4282614
5898544
4437357
6059285
4469996
5459992
5872406
4461889
5906736
5943078
6080557
4990697
4447785
4778946
5828481
5749920
5872409
4667896
4974988
4974988
5756471
5444754
4436452
4461174
5756469
5850091
5870339
4283215
5869485
5982069
4423328
5370400
5872719
4439457
5917249
5557088
4264015
4442438
5519367
5551776
5850092
5870340
4469995
5803300
4283218
6059291
5906735
4993913
5333704
4975047
4170532
5880341
5803296
5887687
4466080
5874265
5862159
5422319
6082541
4647849
4423327
5358330
5483026
5880342
5441482
5872417
5462513
4461936
4681579
4439802
5441486
5902930
5953056
5419600
5502214
6059288
4286861
5897646
5864562
4681554
4681554
5828482
5382134
4152455
5916675
5459989
4329797
5325602
5353644
5353644
5353644
4244538
4437330
5492526
4446018
5898542
5478697
5889567
5982068
5518035
5361080
4447788
5894703
5444756
5896221
6082494
5463065
4990714
5871264
5756470
5899980
4521359
4329796
4329796
6086394
4975048
5982428
5335443
5982072
4839574
4145230
4145230
4145230
4145230
4145230
5871263
5981743
4145232
4646774
4681578
4681578
4675835
4163059
4437365
4450166
4676320
5916680
5902828
5871262
5981765
4868118
4152452
4316672
4443313
5954117
5906705
4667475
4437356
5459995
5870363
5749922
5749922
5749922
5870337
5870684
4675160
4920778
5467762
5960230
4316668
5551773
5899979
4256022
5078882
4439520
5444757
5478703
6086393
4675831
4162534
4162534
4442437
6080566
5749921
4867317
4447536
5865157
5803299
4563156
5943332
5943361
5899355
5880330
5932281
4329125
5459991
4282810
5889566
5557085
4432777
5459996
4145231
5828474
5340718
5756466
5478698
5413421
5899983
5833287
5557086
4162533
5353269
5353269
5353269
5353269
5353269
5353269
5353269
5353269
5353269
5353269
5353269
5353269
5353269
5353269
5353269
5353269
5353269
5751759
4164120
4167343
5887685
5397454
5030561
5803396
5361003
4842402
5864564
4492610
4492610
4168323
5870689
4453431
4453431
4257212
5483028
5483028
5483028
5483028
5757076
5757076
4257660
4257660
5571808
5488394
5488394
5843013
5982425
5354807
5335907
5335907
5757072
6080552
4975046
5932268
4990713
5763444
5916711
4169028
4168325
5763443
5519365
4436572
4436572
4436572
4436572
4436572
4436572
4436572
4436572
4436572
4125696
4125696
4125696
4125696
4152454
5749918
5749918
5749918
5981763
4980584
4169040
4612437
4433358
4421453
4406726
4417156
4840991
4407382
4561001
4665045
4455843
4742773
5329618
5325839
5329469
4920123
4920123
5359839
4903374
5461617
5898591
5943286
6502782
2790416
2830151
2631468
2567156
2511319
2566774
2639374
2558370
2650508
2605807
2604378
2661369
2585498
2563139
2648782
2560065
2498893
2607624
2659024
2655107
2670025
4264578
2608683
2646321
2585211
2607364
2647529
2654911
2611262
2654922
2655106
2621167
2631043
2642969
2624220
2647493
2646893
2602718
2645717
2653051
2638044
2648395
2602791
2602720
2824814
2746692
2825363
2864821
2820622
2873963
2800621
2746691
2670739
2852205
2744545
2846804
2776612
2838443
2841461
2824815
2776108
2817408
2776522
2675422
2672070
2852259
2776614
2935790
2846169
2852203
2744663
2806740
2774756
2744664
2683096
2776613
2846802
2673588
2806737
2903025
3123514
3052938
3436131
3123495
3444877
3254189
3123505
3068039
3068048
3100758
3451628
3051050
3050136
3120367
3152854
3101892
2890146
3103417
5471847
3500041
3431375
3453404
3451254
3769088
3801394
3527080
3785565
3442824
3780955
3484538
3486311
3486281
3269835
3532749
3832180
3803506
3953400
3803508
3817698
3802754
3871635
3942545
4125366
4043470
3995101
3937910
4282613
3948491
3821168
3815997
3992864
3949347
4171841
3945727
3859393
3864469
4014241
4008193
4043476
5554233
3892227
3858723
3865022
4128648
4292634
4302648
4317246
4008181
3945939
4172279
4145234
5943077
4171835
6261459
6309236
4171828
5757075
4167481
3969666
6309238
3979605
3995110
3998028
5889156
6259306
4076468
6309237
4020812
6259305
6261460
4076467
4058278
5335911
5459993
5382135
4469226
4374177
5329267
6080563
4675161
4920779
4256023
4709690
5980756
5557123
5413668
4615754
5803295
5998265
4153894
4878058
4563159
5916676
6624909
6614875
5460006
6628833
6624907
5544047
5553572
5547246
6704788
6624908
6621097
6628835
6621429
6615310
6621261
6624910
6624911
6615309
6615313
6621430
6628809
6615312
6615307
6615154