619480
638244
646219
646224
648186
1000385
1594923
1661043
1807612
2266170
2339073
2344222
2350029
2351144
2370871
2370894
2372280
2372477
2373681
2374086
2374444
2376834
2379667
2381686
2381725
2381830
2382610
2386639
2386666
2386670
2389353
2389393
2389399
2389409
2389413
2389418
2389424
2390018
2390692
2390702
2390711
2390719
2390724
2390731
2390737
2390739
2393734
2393744
2394185
2394198
2394577
2399658
2415889
2415944
2419265
2419276
2419285
2419608
2420631
2421826
2423285
2426935
2426940
2426947
2433674
2433678
2435049
2435074
2435936
2436758
2439329
2443078
2443091
2448932
2450234
2450615
2453457
2455610
2456604
2458760
2461948
2461959
2461967
2467333
2478384
2478426
2484746
2484757
2484782
2487272
2487299
2496467
2496631
2496635
2496636
2496655
2496664
2496669
2496969
2497457
2497561
2499852
2500820
2500822
2500823
2502887
2503449
2503541
2503698
2503723
2505295
2505299
2505300
2505301
2505302
2505303
2505305
2505306
2505307
2505311
2505324
2505327
2505331
2505334
2505336
2505369
2505371
2505372
2505374
2505381
2505382
2505392
2505933
2505937
2505939
2505947
2506634
2507110
2507141
2507142
2507152
2507245
2507278
2507286
2507632
2508683
2509440
2509653
2509658
2509676
2509692
2509714
2509895
2509907
2509963
2509965
2509968
2510164
2510527
2510529
2510532
2510540
2510543
2510544
2510547
2510950
2510951
2510954
2511286
2511288
2511294
2511297
2511298
2511305
2511317
2511318
2511368
2511370
2511372
2511374
2511375
2511377
2511378
2511382
2511386
2511393
2511395
2511396
2512002
2512004
2512005
2512650
2512651
2512800
2512840
2512841
2535176
2535180
2535182
2535209
2535210
2535211
2535213
2535215
2535223
2535224
2535230
2535232
2535233
2535237
2535239
2535242
2536010
2536012
2536013
2536015
2536018
2536019
2536024
2539268
2536048
2536360
2536362
2536363
2536369
2536385
2536397
2536399
2536401
2536403
2536406
2536412
2536418
2536438
2536974
2537364
2537461
2537494
2537496
2537545
2537548
2537549
2537550
2537552
2537573
2537574
2537578
2537579
2537627
2537896
2537898
2538532
2538560
2538576
2538701
2538704
2538709
2538715
2539147
2539324
2540209
2540234
2541233
2541248
2542845
2542877
2542880
2542882
2542883
2542886
2542889
2542891
2542953
2543192
2544226
2549359
2549738
2550119
2554910
2556013
2556725
2557097
2557180
2557199
2557203
2557741
2558369
2558378
2558797
2558801
2558876
2558879
2558882
2558971
2558972
2558973
2559038
2559039
2559040
2559518
2559614
2559616
2559673
2559676
2559678
2560067
2560069
2560070
2560134
2560135
2560276
2560277
2560279
2560282
2560284
2560290
2560299
2560574
2560849
2560851
2561073
2561080
2561083
2561087
2561091
2561095
2561102
2561109
2561114
2561119
2561132
2561348
2561358
2561721
2561723
2561917
2561919
2561920
2562612
2563014
2563558
2563862
2563864
2563941
2565916
2566811
2566925
2567070
2567084
2567108
2567110
2567138
2567193
2567201
2567208
2569925
2571028
2571030
2575929
2576471
2576472
2576473
2576482
2576484
2580440
2581117
2582183
2585205
2585237
2585499
2585500
2585502
2585503
2585822
2585823
2586935
2587708
2587997
2588490
2588491
2588492
2590629
2594902
2594903
2595914
2595918
2600827
2600828
2604376
2604380
2604489
2604490
2604835
2605821
2605846
2605848
2605905
2605909
2605920
2606394
2606397
2606398
2606953
2607002
2607131
2607230
2607347
2607350
2607353
2607355
2607358
2607361
2607373
2607374
2607447
2607449
2607479
2607480
2607619
2607620
2607622
2607747
2607750
2607752
2607755
2607773
2607776
2608518
2608522
2608523
2608524
2608530
2608531
2609113
2609275
2609279
2609285
2609286
2609287
2609293
2609303
2609306
2609307
2609308
2609309
2610048
2614088
2614367
2614375
2614376
2615838
2615845
2615847
2616708
2616711
2616797
2616798
2616799
2616800
2617401
2617983
2624461
2639363
2639365
2639367
2639370
2639376
2639981
2639982
2639985
2639996
2640011
2645504
2646548
2647420
2650467
2650518
2650542
2650647
2650649
2650654
2651863
2652063
2652074
2652077
2652081
2652306
2652320
2652325
2652397
2653972
2654004
2654010
2654014
2654023
2654080
2654782
2654811
2654831
2654988
2655004
2655006
2655012
2656042
2656332
2656336
2656338
2656340
2656352
2656666
2656670
2657104
2657110
2657114
2659026
2659027
2659028
2659029
2659031
2659032
2659033
2659038
2659039
2659041
2659642
2659645
2660344
2661215
2661216
2661217
2661232
2661246
2661247
2661251
2661253
2661365
2661368
2661370
2661371
2661372
2661374
2661375
2661377
2661378
2661382
2661387
2661388
2661390
2661391
2661392
2661393
2661396
2661398
2661399
2661400
2661402
2661403
2661404
2661405
2661406
2662347
2663037
2664341
2664565
2664834
2665576
2666246
2666261
2666262
2666280
2666284
2666406
2666496
2666696
2666701
2666703
2666705
2666710
2667074
2667076
2667077
2667093
2667107
2667472
2667491
2667492
2667507
2668639
2668645
2668704
2668705
2668730
2669082
2670058
2670059
2670265
2670306
2670669
2670670
2670672
2671024
2671025
2671033
2671034
2671044
2671046
2671054
2671055
2671056
2671184
2671185
2671186
2671686
2671687
2671878
2671934
2671936
2671937
2671943
2671946
2671947
2671948
2671953
2671954
2671956
2672064
2672065
2672066
2672076
2672077
2672081
2673073
2674857
2675122
2675124
2675126
2675131
2675139
2675140
2675141
2675142
2675145
2675147
2675153
2675174
2675176
2675179
2675208
2675213
2675217
2675220
2675222
2675223
2675224
2675226
2675228
2675230
2675233
2675235
2675241
2675243
2675251
2675257
2675615
2677186
2677409
2677410
2677412
2677414
2677416
2682185
2683477
2683484
2683502
2687034
2687037
2687048
2687053
2687058
2687063
2687066
2687068
2687070
2687072
2687074
2687092
2687118
2687121
2687130
2687140
2687147
2687153
2724708
2724713
2724899
2724900
2724901
2724902
2724903
2724908
2724911
2724912
2724940
2724941
2726361
2726515
2726533
2727387
2727388
2727398
2727400
2727401
2727416
2727420
2727421
2727431
2729589
2735050
2742697
2742699
2742700
2742973
2742974
2742975
2742976
2742977
2742978
2743071
2744428
2744432
2794785
2795303
2795320
2795958
2796097
2796098
2796099
2796100
2796102
2796116
2797926
2800001
2800002
2800004
2800005
2800006
2800007
2800008
2800009
2800010
2800011
2800021
2800023
2800024
2800041
2800042
2800053
2800055
2800056
2800057
2800058
2800059
2800063
2800065
2800066
2800068
2800577
2800578
2801500
2801503
2801504
2801505
2801506
2801507
2801508
2801509
2801912
2801913
2801914
2801917
2801919
2801922
2802847
2802859
2802860
2802861
2802862
2802863
2802864
2803207
2803774
2808281
2812136
2818168
2818169
2818171
2818172
2825668
2825674
2825677
2827674
2828145
2828153
2828156
2828157
2828158
2828159
2830153
2832312
2832315
2832316
2832317
2832318
2832329
2832340
2832518
2832520
2832524
2832525
2832526
2832527
2832531
2832534
2832535
2832537
2835140
2835142
2835153
2837638
2837641
2838194
2853090
2857484
2859538
2859991
2869288
2873950
2880292
2880293
2880500
2881334
2881335
2881337
2881880
2882373
2882374
2882375
2885102
2891162
2894604
2899246
2900870
2900871
2901422
2901423
2901462
2901463
2901464
2901465
2901746
2901750
2901754
2902013
2902267
2903026
2903360
2903362
2903363
2904042
2906963
2908641
2913014
2913810
2916802
2916803
2917003
2917576
2917577
2917710
2917725
2917732
2921985
2921998
2921999
2925604
2925605
2925606
2925607
2925609
2925611
2925652
2925772
2925773
2925774
2925775
2925777
2925778
2926018
2926019
2926021
2929324
2929325
2929326
2929327
2929332
2929333
2929336
2929337
2929348
2929349
2929350
2929351
2929352
2929355
2929357
2929358
2929359
2929360
2929361
2929362
2929364
2929365
2933530
2933531
2934429
2934435
2934437
2934438
2934439
2934448
2935130
2935565
2935569
2935685
2935686
2935687
2935690
2935691
2935692
2935693
2935694
2935695
2935696
2935783
2935784
2935785
2935786
2935787
2935788
2935789
2935791
2935792
2935793
2936205
2936206
2936721
2936722
2937372
2937373
2937374
2937375
2937479
2937886
2937925
2937926
2937928
2938019
2938117
2938118
2938119
2939062
2939064
2939065
2939066
2939067
2939068
2939069
2939070
2939071
2939092
2939093
2939881
2939884
2940551
2940623
2942236
2942239
2942241
2942242
2942243
2942244
2942245
2942246
2942247
2942322
2942323
2942324
2942325
2942326
2942327
2942329
2942330
2942829
2942830
2942831
2942832
2942833
2953656
2958854
2964573
2985011
2985012
3010638
3010639
3022118
3022124
3024169
3030841
3030842
3030843
3030844
3030845
3030900
3030903
3030905
3030907
3033463
3036243
3038797
3038798
3038799
3038800
3038802
3041937
3041938
3041939
3041952
3041956
3041957
3041961
3041962
3041963
3041969
3041970
3041971
3041991
3041992
3041993
3041994
3042955
3042959
3042962
3045495
3045496
3045497
3045498
3045499
3045500
3045501
3045502
3045504
3045505
3045808
3045809
3045810
3045820
3045822
3045823
3045916
3045930
3045931
3045932
3045933
3045934
3046295
3046549
3046550
3046551
3046552
3046553
3046554
3046573
3047448
3047449
3047450
3047451
3047452
3048038
3048364
3048365
3048366
3048367
3048368
3048369
3049264
3049265
3049266
3049268
3049981
3050067
3050068
3050069
3050070
3050071
3050072
3050073
3050074
3050075
3050076
3050077
3050078
3050080
3050128
3050131
3050132
3050133
3050134
3050135
3050137
3050138
3050139
3050140
3050141
3050142
3050144
3050145
3050146
3050147
3050148
3050149
3050150
3050151
3050152
3050153
3050154
3050155
3050156
3050157
3050158
3050835
3051045
3051046
3051047
3051048
3051049
3051052
3051053
3051054
3051055
3051056
3051057
3051058
3051459
3051460
3051461
3051462
3051683
3052255
3052292
3052301
3052656
3052937
3052939
3052940
3053052
3053119
3053120
3053121
3053189
3053190
3053191
3053192
3053193
3053194
3053195
3053196
3053197
3053198
3053199
3053200
3053201
3053202
3053203
3053483
3053484
3057710
3057711
3058595
3059513
3059935
3059950
3060359
3060638
3060639
3060640
3061165
3062494
3062501
3062502
3062503
3062847
3064002
3064261
3064262
3065111
3065112
3065113
3065114
3065182
3065183
3065184
3065185
3065570
3065959
3065979
3066583
3066584
3066585
3066586
3066587
3066588
3066589
3066590
3066605
3066897
3066898
3066899
3066900
3066901
3066902
3066903
3066904
3066905
3066906
3066911
3066912
3066913
3066914
3066915
3066917
3066923
3066924
3066925
3066929
3066930
3066967
3066969
3066970
3066972
3067401
3067404
3067746
3067747
3067748
3067992
3068024
3068026
3068027
3068028
3068029
3068030
3068036
3068038
3068046
3068047
3068057
3068059
3068065
3068066
3069320
3069321
3069322
3069323
3069985
3069986
3069987
3069988
3069989
3069990
3436157
3069991
3069992
3069993
3069994
3069995
3069996
3069997
3069998
3070039
3070327
3070328
3070329
3070330
3070331
3070332
3070333
3070334
3070335
3070336
3070337
3070338
3070339
3070340
3070341
3070342
3070343
3070344
3070345
3070346
3070347
3070348
3070349
3070350
3070351
3070352
3070353
3070541
3070542
3070543
3070544
3070667
3070668
3070669
3070670
3070671
3070672
3070673
3070674
3070675
3071351
3071352
3071354
3071571
3071572
3071573
3071574
3071575
3071576
3071577
3071578
3071594
3071598
3072597
3072598
3072599
3101570
3101571
3101572
3101573
3101576
3101586
3101587
3101588
3101812
3101813
3101814
3101815
3101816
3101817
3101818
3101819
3101820
3101821
3101823
3101824
3101825
3101826
3101827
3101828
3101829
3101830
3101831
3101832
3101833
3102196
3102287
3102428
3102430
3103415
3103416
3103418
3103419
3103420
3103421
3103786
3103787
3103788
3105742
3105743
3105744
3105745
3105818
3118775
3118777
3118778
3118779
3118781
3118782
3118783
3118784
3118785
3118786
3118787
3120002
3120005
3120007
3120008
3120009
3120010
3120011
3120012
3120013
3120014
3120015
3120016
3120017
3120018
3120038
3120039
3120041
3120043
3120044
3120045
3120046
3120047
3120048
3120049
3120336
3120337
3120339
3120342
3120344
3120346
3120348
3120350
3120352
3120355
3120358
3120359
3120360
3120361
3120362
3120363
3120364
3120365
3120366
3120368
3120399
3120689
3121656
3126359
3121657
3122807
3122808
3122809
3122810
3123491
3123492
3123493
3123494
3123496
3123506
3123507
3123508
3123509
3123511
3123512
3123513
3123515
3123516
3123517
3123518
3123521
3123522
3123523
3123524
3123525
3126355
3126357
3126358
3126360
3127151
3127152
3127153
3152612
3152613
3155355
3155356
3155357
3155358
3155359
3155360
3155361
3155363
3155364
3155367
3155368
3155369
3155370
3155371
3155372
3155373
3155670
3155671
3155672
3188023
3188024
3188026
3193444
3193446
3193447
3193448
3193449
3193451
3193452
3246289
3246940
3246941
3246949
3246954
3246955
3246957
3246959
3246960
3246962
3246965
3246983
3246985
3246986
3246990
3246992
3246993
3246995
3246997
3246999
3247000
3253834
3254183
3254184
3254185
3254186
3254187
3254188
3254190
3254191
3254211
3254212
3255080
3255081
3255082
3255083
3255087
3255089
3255090
3255091
3255092
3255093
3255125
3255126
3255127
3255128
3260369
3270287
3270797
3270808
3271123
3271125
3271420
3271532
3271533
3271534
3271535
3271536
3271537
3271538
3271539
3277084
3277088
3277156
3277188
3277207
3277243
3283086
3283087
3283101
3283102
3283103
3283107
3283112
3295168
3295169
3295417
3295452
3295453
3295454
3295455
3296334
3308068
3308136
3321021
3321023
3321025
3321042
3321046
3321047
3321048
3321049
3321050
3321051
3321052
3321053
3321054
3358621
3358622
3358623
3358624
3358625
3358626
3358627
3358629
3358630
3379530
3379531
3408119
3408120
3419794
3425283
3427329
3427339
3427392
3427447
3429285
3429654
3430083
3430425
3430426
3431214
3432827
3432828
3432829
3433610
3433611
3433612
3433613
3433614
3433615
3433616
3433617
3433618
3433862
3433863
3434426
3434427
3434428
3434429
3434430
3435329
3435333
3435391
3435419
3435420
3435427
3435428
3435429
3435430
3435431
3435432
3435697
3435698
3435699
3435700
3435701
3435703
3435705
3435706
3435779
3436129
3436130
3436132
3436160
3436170
3436878
3438241
3438250
3438775
3439691
3439692
3439693
3439694
3439696
3439697
3439819
3441198
3441266
3441419
3441421
3441422
3441423
3441424
3441425
3441426
3441427
3441428
3441429
3441431
3441432
3441433
3441434
3441435
3441436
3441437
3441438
3441592
3442423
3442426
3442427
3442439
3442440
3442497
3442499
3442609
3442611
3442655
3442784
3442788
3442789
3442790
3442791
3442820
3442821
3442822
3442825
3443611
3444361
3444641
3444878
3444880
3444881
3444882
3444883
3444884
3444885
3444886
3444887
3444888
3444889
3444890
3444891
3444892
3444893
3444894
3444895
3444897
3444898
3444899
3444900
3444901
3444902
3444903
3444904
3444905
3444906
3444907
3444908
3444909
3444910
3444911
3444912
3444913
3444914
3444915
3444916
3444917
3444918
3444919
3444920
3444921
3444922
3444923
3444924
3444925
3444926
3444927
3444928
3445182
3445184
3445185
3445911
3445912
3445913
3445917
3445966
3445980
3446787
3447034
3447856
3447857
3447858
3447859
3450161
3450162
3450163
3450164
3451252
3451253
3451256
3451273
3451274
3451275
3451277
3451621
3451622
3451623
3451624
3451625
3451626
3451627
3451630
3451631
3451632
3451633
3451634
3452637
3453393
3453394
3453395
3453396
3453397
3453398
3453399
3453401
3453402
3453403
3453794
3455356
3457838
3471984
3471986
3471987
3471990
3472350
3472351
3472352
3472353
3472354
3472355
3472357
3472358
3472359
3472360
3472361
3472362
3472363
3472364
3472366
3472367
3472368
3472369
3472370
3472546
3472752
3472753
3472764
3472765
3472766
3472767
3472768
3472769
3472770
3472771
3472772
3473334
3474406
3474407
3474409
3474977
3474978
3478943
3483091
3483093
3483603
3483605
3483780
3483781
3483903
3483904
3483905
3483906
3483907
3483908
3483909
3484163
3484516
3484517
3484520
3484523
3484528
3484529
3484530
3484536
3484539
3484540
3485307
3485309
3485310
3485312
3485313
3485314
3485315
3485492
3486050
3486278
3486283
3486284
3487190
3487192
3487193
3487341
3487342
3487343
3487344
3487345
3487346
3487610
3487897
3487898
3487899
3488114
3488115
3488119
3488166
3489638
3489796
3489799
3489980
3490072
3490079
3490080
3490081
3490780
3490837
3490838
3490840
3490841
3490845
3490847
3490848
3490849
3490850
3490851
3490852
3490853
3490854
3490855
3490856
3490859
3490861
3490862
3490863
3490864
3490865
3490866
3490867
3490868
3490869
3490870
3490880
3490881
3490882
3490883
3491414
3491416
3491417
3491418
3491419
3491420
3491421
3491672
3491782
3495041
3495287
3500032
3772273
3500033
3500034
3500035
3500036
3500037
3500038
3500039
3500040
3500042
3500043
3500044
3500045
3500046
3500047
3500048
3500049
3500050
3500051
3500052
3500053
3500054
3500055
3500056
3500057
3500058
3500059
3500060
3500061
3500066
3500067
3500068
3500069
3500070
3500071
3500072
3500073
3500074
3500075
3500076
3500077
3500078
3500079
3500080
3500082
3500083
3500084
3500085
3500086
3500087
3500088
3500089
3500090
3500167
3505648
3505649
3505650
3505651
3505652
3505654
3505996
3522094
3522095
3522096
3522097
3523668
3524589
3524590
3524591
3524596
3524597
3525418
3525419
3525420
3525744
3525745
3525746
3525892
3527057
3527058
3527059
3527060
3527081
3527082
3527083
3527084
3527085
3527086
3527087
3527088
3527089
3527090
3527091
3527092
3527093
3527094
3527095
3527096
3527097
3527098
3527270
3527271
3527345
3527346
3527347
3527348
3527350
3527351
3527352
3527353
3527354
3527356
3527359
3527730
3527731
3527828
3527829
3527830
3527831
3527832
3527833
3527834
3527838
3527841
3527851
3527856
3527865
3527870
3527873
3527876
3527879
3527882
3527883
3527887
3527888
3527944
3527945
3527946
3527950
3528346
3528347
3528356
3528357
3528359
3528647
3528648
3528649
3528650
3528651
3528652
3528653
3528654
3528655
3528656
3528657
3528658
3528659
3528660
3528661
3528662
3528663
3528664
3528938
3528939
3530941
3530942
3531261
3531262
3531263
3531264
3531265
3531266
3531267
3531268
3531269
3531270
3531271
3531272
3531273
3531274
3531275
3531276
3531277
3531279
3531280
3531281
3531282
3531283
3531284
3531285
3531541
3531542
3531543
3531726
3531727
3531967
3531968
3531969
3531970
3531971
3531972
3531973
3531974
3531975
3531992
3531993
3531994
3531995
3531996
3531997
3532279
3532280
3532283
3532284
3532285
3532589
3532643
3532644
3532645
3532656
3532657
3532658
3532659
3532660
3532661
3532720
3532722
3532724
3532725
3532727
3532730
3532734
3532737
3532738
3532740
3532742
3532743
3532745
3532747
3532748
3532750
3532879
3532880
3533288
3533289
3533290
3533292
3533293
3533295
3533297
3533299
3533300
3533301
3533302
3533303
3533304
3533797
3533801
3533978
3534545
3534546
3534547
3534548
3534549
3534550
3534551
3534552
3537791
3537792
3537793
3537794
3537795
3537796
3537797
3537808
3537809
3537811
3537812
3537813
3537814
3537815
3538518
3541372
3542007
3542008
3542014
3542426
3543091
3543931
3543932
3543934
3544414
3544415
3544416
3544417
3544418
3544419
3544420
3544422
3571335
3601244
3601245
3601246
3601247
3601634
3601635
3608985
3608986
3608987
3645579
3656248
3680320
3680586
3680587
3680588
3680589
3680590
3680591
3692080
3736373
3757536
3758579
3758582
3758628
3758995
3758997
3759474
3759475
3759478
3759479
3759480
3759481
3759482
3759483
3759484
3759486
3759487
3759488
3759782
3759783
3759784
3759790
3759791
3760142
3764579
3764580
3764699
3769061
3769062
3769093
3769095
3769096
3769097
3769098
3769099
3769100
3769101
3769102
3769103
3769419
3769420
3771050
3771727
3771765
3771805
3771806
3772259
3772260
3772261
3772262
3772263
3772264
3772265
3772266
3772267
3772268
3772269
3772270
3772271
3772272
3772274
3772275
3772276
3772277
3773068
3773317
3774498
3774499
3774500
3774501
3774528
3774529
3774530
3774531
3774532
3774533
3774534
3774850
3774854
3774855
3774856
3775983
3775984
3775985
3775986
3775987
3776208
3776429
3781363
3781364
3781365
3781366
3781367
3781368
3781369
3781370
3781371
3781372
3781373
3781374
3781375
3781376
3781483
3781485
3785342
3785343
3785355
3785561
3785562
3785563
3785564
3785566
3785568
3790692
3790693
3790694
3798996
3798997
3799176
3799177
3799178
3801393
3801489
3801860
3801861
3801862
3801863
3801864
3802134
3802755
3802756
3802757
3802758
3802759
3802760
3802761
3803121
3803124
3803126
3803430
3803431
3803432
3803433
3803434
3803505
3803509
3803511
3804024
3804202
3804203
3807714
3807715
3807716
3815129
3815130
3815131
3815169
3815769
3815770
3815771
3815780
3815795
3815796
3815797
3815798
3815799
3815994
3815995
3815996
3815998
3815999
3816000
3816221
3816241
3816242
3816940
3816941
3817518
3817697
3817699
3817938
3820013
3820033
3820034
3820035
3820036
3820037
3820038
3820039
3820041
3820042
3820043
3820044
3820392
3820394
3820422
3820423
3820424
3820865
3820979
3821169
3821170
3821172
3822575
3822876
3822877
3822878
3822879
3823641
3823642
3823644
3823645
3823646
3824873
3824874
3830909
3831569
3831570
3831571
3831572
3831573
3831574
3832168
3832169
3832170
3832172
3832173
3832174
3832175
3832176
3832177
3832178
3832179
3832181
3832182
3832183
3832184
3832185
3832186
3832187
3832188
3832189
3832845
3832846
3832900
3832905
3832906
3832907
3832933
3832937
3832943
3832962
3834016
3834596
3834609
3835930
3836322
3839978
3840534
3841146
3856043
3856044
3856046
3856049
3856050
3856057
3860134
3860135
3860137
3860139
3860140
3860142
3860144
3860280
3860281
3860282
3860283
3860284
3860335
3860336
3860337
3860338
3862729
3969658
3863432
3863433
3864260
3864470
3864471
3864532
3864965
3865020
3865021
3865023
3865024
3865026
3865029
3865032
3865033
3865035
3865036
3865146
3865763
3866471
3866472
3866473
3866474
3871506
3871730
3871734
3871735
3871736
3871738
3871739
3871740
3871781
3871787
3876820
3876821
3876822
3876823
3876824
3876825
3876826
3876827
3876828
3876829
3876830
3876831
3876832
3876833
3876834
3877515
3877516
3977083
3877521
3877525
3877620
3877689
3877830
3877831
3877832
3877833
3877840
3877841
3877842
3877843
3877844
3878370
3878372
3878374
3878375
3878377
3878378
3878380
3878383
3878385
3879722
3879723
3879724
3879725
3879726
3879727
3879728
3879729
3879730
3880000
3880811
3880812
3880813
3880814
3880815
3881070
3881819
3882801
3883084
3883085
3883086
3883087
3883088
3883149
3888846
3888847
3889338
3889519
3889520
3890551
3890552
3890553
3890554
3890555
3890556
3890557
3890587
3890588
3890652
3890653
3890654
3890655
3890785
3890786
3890787
3890788
3890789
3890869
3890870
3890871
3890872
3890873
3890874
3890875
3890876
3890877
3890878
3890879
3890880
3890881
3890882
3890883
3890884
3890886
3890887
3890888
3891297
3891299
3891449
3891450
3891451
3891452
3891530
3893251
3893261
3893262
3893263
3893264
3893265
3893266
3893267
3893273
3893274
3893275
3893276
3893277
3893353
3893831
3893832
3893833
3920041
3920042
3920043
3920044
3920097
3920098
3920099
3920364
3920365
3920366
3920367
3920369
3920715
3920716
3920954
3920955
3921573
3921574
3921575
3921576
3921577
3921578
3928042
3928043
3928044
3928045
3928140
3928287
3928288
3928360
3936033
3936034
3936035
3936967
3936968
3936969
3936970
3936972
3936974
3936975
3936976
3937024
3937239
3937240
3937243
3937244
3937248
3937249
3937250
3937598
3937600
3937602
3937605
3937607
3937608
3937609
3937610
3937611
3937612
3937614
3937615
3937616
3937904
3937905
3937906
3937907
3937908
3937909
3938518
3938721
3939485
3939486
3939487
3939488
3939489
3939490
3939494
3939495
3941656
3941657
3941821
3941822
3941823
3941824
3941825
3941826
3941827
3941828
3941829
3941899
3942119
3942440
3942441
3942442
3942443
3942444
3942445
3942446
3942447
3942499
3943973
3943974
3943975
3943976
3943977
3943978
3943979
3943980
3943981
3943982
3943983
3943984
3943985
3943986
3943987
3943988
3943989
3944452
3944453
3944668
3944669
3945049
3945120
3945121
3945122
3945123
3945124
3945132
3945559
3945704
3945705
3945711
3945712
3945713
3945714
3945715
3945716
3945717
3945718
3945720
3945726
3945729
3945730
3945731
3945732
3945733
3946510
3946511
3946512
3946513
3946514
3946515
3946516
3946517
3946518
3946519
3946747
3946748
3946749
3946750
3946751
3946773
3946774
3946775
3947190
3947208
3947499
3947500
3947501
3947502
3947503
3947504
3947505
3947506
3947507
3947508
3947566
3947567
3948531
3948533
3948534
3948535
3948536
3948537
3948538
3948799
3948800
3948802
3948803
3948804
3949347
3949387
3949388
3949390
3949391
3949416
3949417
3949418
3949419
3949420
3950733
3951116
3951196
3951197
3951240
3951241
3951707
3951708
3952089
3952090
3952205
3953002
3954001
3954002
3954003
3954004
3954005
3954263
3954264
3954265
3954266
3954267
3954268
3954269
3954270
3954271
3954272
3954273
3954274
3954275
3954276
3954278
3954279
3954280
3954281
3954282
3954283
3954508
3954509
3954510
3954535
3954536
3954537
3954538
3954593
3954594
3954595
3954596
3954597
3954598
3954599
3954600
3954601
3954602
3954603
3954604
3954605
3954606
3954607
3954608
3954609
3954610
3954611
3954612
3954613
3958338
3958339
3958341
3958342
3958344
3958345
3958347
3958350
3958352
3958353
3958355
3958357
3958362
3958364
3958365
3958366
3958369
3958372
3967241
3967263
3967264
3967265
3967266
3967267
3967318
3969264
3969265
3969266
3969267
3969268
3969269
3969270
3969271
3969272
3969273
3969274
3969275
3969276
3969277
3969633
3969656
3969657
3969660
3969661
3969662
3969663
3969665
3969667
3969668
3969669
3969670
3969671
3969672
3969673
3969674
3969675
3969676
3969677
3969678
3969679
3969701
3969793
3970230
3970231
3970694
3970720
3970721
3970724
3970785
3970944
3971514
3971515
3971913
3971914
3971915
3971916
3971917
3971918
3971919
3971920
3971921
3971924
3971925
3971926
3971928
3971929
3971930
3971931
3972223
3972640
3973248
3973249
3973302
3974243
3974244
3974246
3974545
3975243
3975244
3975245
3975246
3976071
3976080
3976155
3976157
3976158
3976725
3976726
3976727
3976728
3976729
3976730
3976740
3976747
3977082
3977735
3978718
3978719
3978720
3978721
3978722
3978723
3978724
3978725
3978726
3978832
3978834
3978835
3978836
3978837
3978838
3978839
3978840
3978841
3978842
3978843
3978844
3978845
3979462
3979463
3979464
3979465
3979466
3979467
3979468
3979470
3979471
3979472
3979473
3979474
3979475
3979514
3979515
3979516
3979598
3979599
3979600
3979601
3979602
3979603
3979604
3979606
3979607
3979608
3979609
3979610
3979611
3979612
3979613
3979614
3979615
3979616
3979617
3979618
3979619
3979620
3979621
3979622
3979623
3979624
3980575
3981231
3981538
3981539
3981818
3981819
3981820
3984039
3984040
3984041
3984042
3984043
3984044
3984045
3984046
3984047
3984048
3984049
3984504
3984989
3984990
3984991
3984992
3984993
3984994
3984995
3984996
3984997
3985288
3985324
3985995
3986088
3986236
3986237
3986238
3986239
3986240
3986241
3986242
3986243
3986244
3986245
3986246
3986247
3986248
3986249
3986251
3986630
3986631
3986632
3986633
3986634
3986635
3986738
3986739
3986740
3987414
3987415
3987416
3987417
3987418
3987422
3987423
3988381
3988420
3988421
3988422
3988424
5897647
3988425
3988537
3989655
3989656
3989657
3989920
3989921
3990915
3990916
3991305
3991308
3991326
3991327
3991328
3991329
3991330
3991331
3992184
3992682
3992857
3992859
3992860
3992861
3992862
3992863
3992867
3992890
3992891
3992892
3992893
3992895
3992896
3993258
3993259
3994506
3994507
3994508
3994509
3994596
3995091
3995092
3995094
3995095
3995096
3995097
3995098
3995100
3995102
3995103
3995104
3995105
3995106
3995108
3995109
3995111
3995112
3995113
3995144
3995636
3995637
3996642
3996643
3997484
3997654
3997655
3997656
3997658
3998359
3998388
3998390
3998697
4004639
4004640
4008071
4008072
4008148
4008149
4008150
4008153
4008155
4008156
4008172
4008174
4008176
4008177
4008178
4008179
4008180
4008184
4008188
4008191
4008195
4008196
4008198
4008200
4008201
4008202
4008203
4008204
4009252
4009253
4009254
4009427
4009452
4009453
4010566
4010567
4010568
4010569
4010593
4010595
4014240
4014242
4018905
4018942
4018943
4018944
4018945
4018946
4018947
4018948
4018949
4018950
4018951
4018952
4018953
4018954
4019013
4019221
4019222
4019223
4020810
4020811
4020813
4020815
4020816
4020817
4020818
4025409
4025410
4025411
4025413
4025777
4025949
4025950
4025951
4025952
4025953
4025954
4025955
4025956
4025957
4025958
4025959
4025960
4025961
4025962
4031664
4031665
4031668
4032102
4032895
4032896
4033076
4033099
4033100
4033102
4033505
4033506
4033507
4033508
4033509
4033510
4034119
4034120
4034121
4034343
4034344
4035205
4035206
4035207
4035494
4035545
4035546
4035547
4035548
4035550
4035603
4036429
4043466
4043468
4043469
4043471
4043472
4043473
4043474
4043475
4043477
4043480
4043481
4043483
4043484
4043509
4043589
4043590
4043591
4043592
4043593
4043594
4043596
4043597
4043598
4043599
4043600
4043601
4043602
4043604
4043605
4043606
4044252
4044253
4044254
4044255
4044511
4045166
4045167
4045168
4053091
4058202
4058205
4058206
4058207
4058208
4058276
4058277
4058279
4058280
4058697
4060094
4060095
4060488
4060489
4060490
4060491
4073888
4073889
4073890
4073891
4073892
4075055
4075405
4075435
4076461
4076464
4076465
4076466
4076485
4076488
4076489
4076515
4125362
4125367
4125376
4125696
4125697
4125698
4125699
4125700
4125701
4125702
4128324
4128365
4128629
4129001
4129002
4129003
4129004
4134056
4134057
4134058
4134059
4134164
4134953
4134954
4134955
4134957
4134958
4134959
4134960
4134961
4134962
4134963
4134964
4134965
4134966
4134967
4134968
4135962
4136306
4136307
4136308
4136384
4136390
4136391
4136865
4136986
4136987
4136988
4136989
4137015
4137016
4137039
4137279
4137347
4137349
4137350
4137351
4137352
4137644
4137710
4138113
4138114
4138115
4138116
4138195
4138524
4138525
4138526
4138527
4139140
5751758
4145230
4145231
4145232
4145233
4145355
4145356
4152084
4152446
4152448
4152449
4152451
4152452
4152453
4152454
4152455
4153760
4158027
4158028
4158029
4158030
4158031
4158032
4158033
4158034
4158035
4158036
4161153
4161154
4161155
4161156
4161157
4162401
4162402
4162533
4162534
4163038
4163059
4164109
4164120
4166813
4167342
4167343
4167478
4167479
4167480
4167482
4167483
4168305
4168323
4168325
4168578
4168853
4168854
4168855
4168856
4168857
4168858
4168859
4168860
4168861
4168879
4168887
4168888
4168889
4168890
4168891
4168892
4168893
4168894
4168895
4168896
4169027
4169028
4169029
4169030
4169040
4170532
4170793
4170794
4171278
5911093
4171279
4171280
4171281
4171282
4446896
4171283
4171284
4171285
4171286
4171287
4171288
4171289
4171290
4171291
4171292
4171293
4171294
4171295
4171296
4171297
4171298
4171822
4171823
4171824
4171825
4171826
4171827
4171829
4171830
4171831
4171832
4171833
4171834
4171836
4171837
4171838
4171839
4171840
4171842
4172344
4172367
4172368
4172369
4172370
4172372
4172373
4172374
4172375
4172481
4172482
4172483
4172484
4172485
4172618
4172619
4174145
4175338
4175689
4175690
4175691
4175692
4175693
4175695
4175696
4175697
4175698
4176023
4176024
4176025
4176467
4176608
4176951
4177020
4181256
4181257
4181620
4181624
4181637
4181640
4181644
4181645
4181646
4181654
4181660
4181666
4182062
4182447
4184824
4184825
4184826
4184827
4184828
4184829
4185500
4185501
4185502
4187536
4187537
4187538
4187539
4187540
4187541
4187542
4187543
4187544
4187545
4187546
4187547
4214839
4214841
4214842
4214843
4214844
4214845
4215228
4215229
4215230
4215283
4215284
4215483
4215485
4216671
4216674
4216675
4216676
4217478
4217479
4217480
4219361
4219362
4219935
4219936
4219937
4219938
4219939
4219940
4219995
4219996
4219997
4220002
4220032
4220419
4220422
4222646
4222647
4222648
4222732
4222733
4222734
4224908
4224909
4224910
4244538
4251033
4253226
4253666
4255937
4255956
4256020
4256021
4256022
4256025
4256318
4256319
4256320
4256428
4256742
4256743
4256753
4256761
4256762
4256805
4256807
4256808
4257210
4257211
4257212
4257660
4257667
4261391
4261622
4262069
4264015
4264127
4264128
4264395
4264510
4264554
4266624
4266981
4270867
4270868
4270869
4270870
4270871
4270872
4270873
4271622
4271623
4271656
4277273
4277858
4277859
4278083
4278101
4278299
4278300
4278301
4278302
4278823
4278824
4278825
4279324
4279325
4279447
4279448
4279451
4279452
4279463
4280297
4280326
4280327
4282612
4282614
4282810
4283215
4283216
4283217
4283218
4283219
4283220
4283221
4283222
4285394
4285737
4286861
4287158
4287431
4292631
4292632
4292633
4292635
4293282
4295224
4302646
4302647
4302649
4302650
4302651
4302652
4302653
4302654
4302655
4316666
4316668
4316669
4316672
4317078
4317247
4317248
4317249
4317251
4317252
4317253
4317254
4317255
4317584
4317585
4318041
4318701
4318983
4321672
4321673
4321674
4321680
4325517
4325519
4325530
4328381
4329796
4329797
4331307
4356820
4358062
4360943
4374178
4374179
4374180
4375856
4375857
4379051
4387517
4401528
4412654
4421453
4423292
4423327
4423328
4432777
4433358
4436450
4436452
4436454
4436572
4436574
4436575
4436581
4437328
4437329
4437331
4437332
4437333
4437334
4437356
4437357
4437358
4437359
4437360
4437361
4437362
4437363
4437364
4437365
4439452
4439453
4439454
4439455
4439456
4439457
4439459
4439520
4439521
4439522
4439523
4439801
4439802
4442167
4442438
4442476
4442477
4443313
4444765
4444766
4446009
4446010
4446011
4446012
4446013
4446014
4446015
4446016
4446017
4446018
4446019
4446020
4447536
4447537
4447538
4447544
4447545
4447546
4447781
4447782
4447783
4447784
4447785
4447786
4447787
4447788
4449085
4449086
4449130
4449757
4450166
4450167
4450980
4450981
4452445
4452446
4452447
4452448
4452449
4453430
4453431
4453432
4453433
4453434
4453435
4455166
4460233
4460234
4461174
4461175
4461887
6082504
4461888
4461889
4461890
4461935
4461936
4461937
4461938
4461939
4461940
4462143
4463509
4466080
4466190
4467193
4467195
4469994
4469996
4469997
4469998
4486906
4486907
4486909
4492610
4521359
4535742
4535743
4562728
4563152
4563154
4563156
4563574
4564540
4612437
4615595
4615596
4616022
4642788
4642790
4646773
4646774
4647849
4654647
4654653
4654654
4654655
4654656
4664416
4664600
4664601
4665045
4665454
4665456
4665457
4667474
4667475
4667476
4667477
4667896
4667897
4675160
4675829
4675830
4675831
4675832
4675833
4675834
4675835
4676320
4681554
4681578
4681579
4709465
4778946
4839574
4839575
4839576
4839577
4839578
4839594
4839596
4839597
4839598
4839599
4839600
4839601
4839602
4839603
4839604
4840681
4840898
4840899
4840902
4840904
4840990
4840991
4840995
4841051
4841688
4842402
4844679
4844680
4844681
4850684
4866106
4867317
4868118
4868119
4920777
4920778
4920782
4955372
4955373
4966548
4974988
4975046
4975047
4975048
4980583
4980584
4980586
4990696
4990697
4990713
4990714
4993738
4993739
4993913
4993914
4996255
5030560
5030561
5055212
5078882
5080801
5080817
5080818
5080821
5080822
5085845
5228379
5319097
5319098
5325569
5325597
5325598
5325602
5325839
5325840
5329266
5329469
5329618
5332424
5332425
5332426
5332635
5333055
5333056
5333057
5333058
5333059
5333564
5333598
5333704
5333705
5333706
5333707
5333708
5335443
5335907
5335908
5340718
5340835
5353260
5353263
5353264
5353265
5353269
5913969
5353644
5353879
5354807
5358330
5360978
5361003
5361013
5361024
5361076
5361077
5361079
5361080
5361680
5368574
5368762
5370389
5370392
5370400
5382134
5395167
5395168
5396348
5396349
5396351
5396352
5981744
5396353
5396354
5396848
5396849
5397454
5397455
5409731
5411429
5411430
5413421
5413998
5413999
5414000
5419600
5419601
5419684
5421920
5421921
5422319
5441480
5441481
5441482
5441483
5441484
5441485
5441486
5444740
5444741
5444742
5444750
5444751
5444752
5444753
5444754
5444756
5444757
5444758
5444759
5444760
5444761
5444762
5450960
5456173
5456175
5456836
5457851
5459988
5459989
5459991
5459992
5459995
5459996
5459999
5461617
5462513
5462631
5462632
5463065
5463066
5467761
5467762
5467764
5471848
5471849
5471850
5471851
5478697
5478698
5478702
5478703
5478704
5483026
5483027
5932280
5483028
5488394
5492520
5492521
5492526
5494834
5502213
5502214
5502215
5518026
5518035
5518036
5519365
5519366
5519367
5543131
5551773
5551776
5554183
5554200
5554207
5554221
5554749
5557085
5557086
5557087
5557088
5571806
5571808
5571809
5571810
5571811
5584127
5603617
5639131
5749914
5749915
5749916
5749917
5749918
5749919
5749920
5749921
5749922
5751759
5751760
5756466
5756467
5756468
5756469
5756470
5756471
5757072
5757073
5757074
5757076
5757077
5763440
5763441
5763442
5763443
5763444
5769920
5769921
5769922
5788985
5788986
5803296
5803297
5803298
5803299
5803300
5803301
5803302
5803394
5803395
5803396
5803397
5803398
5803399
5807567
5807568
5807572
5828473
5828474
5828476
5828477
5828478
5828479
5828480
5828481
5828482
5828536
5833285
5833286
5833287
5838089
5838090
5838092
5838169
5838171
5838173
5838176
5838177
5838178
5843012
5843013
5843015
5843016
5843017
5843018
5843019
5843020
5850091
5850092
5850093
5850094
5850095
5862088
5862090
5862106
5862107
5862108
5862110
5862111
5862159
5864080
5864081
5864562
5864564
5864566
5864567
5864568
5865155
5865156
5865157
5865680
5865681
5867225
5867226
5867227
5867228
5869449
5869484
5869485
5870336
5870337
5870338
5870339
5870340
5870341
5870362
5870363
5870364
5870683
5870685
5870686
5870687
5870688
5870689
5870690
5870691
5870692
5870693
5870697
5870698
5870699
5870700
5870701
5871262
5871263
5871264
5871427
5871430
5871431
5872403
5872404
5872406
5872409
5872411
5872414
5872417
5872418
5872719
5872721
5873071
5873072
5873073
5873074
5873075
5874265
5874266
5880330
5880331
5880332
5880341
5880342
5887685
5887686
5887687
5887688
5887689
5888550
5888551
5888552
5889154
5889155
5889566
5889567
5889568
5889569
5889570
5889571
5890167
5890168
5890169
5893291
5893292
5893293
5893294
5893295
5893749
5893750
5893753
5894701
5894702
5894703
5894704
5894705
5896219
5896220
5896221
5896222
5897644
5897646
5897648
5897649
5898541
5898542
5898543
5898544
5898825
5899353
5899354
5899355
5899356
5899357
5899979
5899980
5899982
5899983
5899984
5899985
5899986
5899987
5900001
5900005
5900006
5900007
5902632
5902633
5902672
5902828
5902829
5902830
5902929
5902930
5902931
5906699
5906700
5906701
5906702
5906704
5906705
5906706
5906707
5906708
5906709
5906711
5906712
5906730
5906735
5906736
5908291
5908292
5908293
5908678
5908687
5908689
5908690
5910184
5910185
5911092
5913965
5913966
5913967
5913968
5914125
5914898
5915788
5915789
5915790
5916675
5916678
5916679
5916680
5916681
5916707
5916708
5916709
5916710
5916711
5916806
5916807
5916808
5917249
5917250
5917251
5917252
5917253
5917344
5917345
5917346
5919586
5919587
5919588
5919589
5919590
5919675
5919676
5919677
5932263
5932264
5932265
5932266
5932267
5932268
5932269
5932281
5943078
5943079
5943080
5943242
5943330
5943331
5943332
5943333
5943334
5943360
5943361
5943362
5943363
5943364
5943493
5944063
5944090
5944093
5944095
5944111
5944112
5950314
5953036
5953037
5953038
5953039
5953054
5953055
5953056
5953057
5954117
5957553
5960228
5960229
5960230
5960269
5960270
5960271
5980754
5981510
5981511
5981514
5981734
5981735
5981741
5981742
5981743
5981763
5981764
5981765
5981766
5981767
5981768
5981769
5981770
5982068
5982069
5982070
5982071
5982072
5982073
5982423
5982424
5982425
5982426
5982427
5982428
5982429
5982430
5982431
6000236
6059280
6059281
6059282
6059283
6059284
6059285
6059286
6059287
6059288
6059290
6059291
6059292
6059293
6059294
6059295
6059296
6059297
6059298
6059299
6059301
6059317
6059318
6080552
6080553
6080554
6080555
6080556
6080557
6080559
6080560
6080561
6080562
6080564
6080565
6080566
6080567
6082494
6082495
6082496
6082497
6082498
6082499
6082501
6082502
6082503
6082538
6082540
6082541
6082544
6082545
6082546
6082547
6082548
6082549
6082550
6082551
6082552
6082553
6086390
6086391
6086392
6086393
6086394
6086398
6502782
6621097
6621261
6628835
2790416
2830151
2631468
2567156
2511319
2566774
2639374
2558370
2650508
2605807
2604378
2661369
2585498
2563139
2648782
2560065
2498893
2607624
2659024
2655107
2670025
4264578
2608683
2646321
2585211
2607364
2647529
2654911
2611262
2654922
2655106
2621167
2631043
2642969
2624220
2647493
2646893
2602718
2645717
2653051
2638044
2648395
2602791
2602720
2824814
2746692
2825363
2864821
2820622
2873963
2800621
2746691
2670739
2852205
2744545
2846804
2776612
2838443
2841461
2824815
2776108
2817408
2776522
2675422
2672070
2852259
2776614
2935790
2846169
2852203
2744663
2806740
2774756
2744664
2683096
2776613
2846802
2673588
2806737
2903025
3123514
3052938
3436131
3123495
3444877
3254189
3123505
3068039
3068048
3100758
3451628
3051050
3050136
3120367
3152854
3101892
2890146
3103417
5471847
3500041
3431375
3453404
3451254
3769088
3801394
3527080
3785565
3442824
3780955
3484538
3486311
3486281
3269835
3532749
3832180
3803506
3953400
3803508
3817698
3802754
3871635
3942545
4125366
4043470
3995101
3937910
4282613
3948491
3821168
3815997
3992864
4171841
3945727
3859393
3864469
4014241
4008193
4043476
5554233
3892227
3858723
3865022
4128648
4292634
4302648
4317246
4008181
3945939
4172279
4145234
5943077
4171835
6261459
6309236
4171828
5757075
4167481
3969666
6309238
3979605
3995110
3998028
5889156
6259306
4076468
6309237
4020812
6259305
6261460
4076467
4058278
5335911
5459993
5382135
4469226
4374177
5329267
6080563
4675161
4920779
4256023
4709690
5980756
5557123
5413668
4615754
5803295
5998265
4153894
4878058
4563159
5916676
6624909
6614875
5460006
6628833
6624907
5544047
5553572
5547246
6704788
6624908
6621429
6615310
6624910
6624911
6615309
6615313
6621430
6628809
6615312
6615307
6615154
